
*******************************************  Drifts coefficients *******************************************

s3 = 0.17542809372080992
s5 = 0.12918394356647367
sex = 0.11962525426380854
s4 = 0.09655719691042819
bmi = 0.07487024840803613
age = 0.06448746580181419
s6 = 0.05461560527825604
s2 = 0.02647062275074319
s1 = 0.016229303281603435
bp = 4.894430140867101e-05
